intrinsic:
  [1723.611235904544, 0, 627.9588316205143,0, 1723.523814766146, 490.2035635555685,0.0, 0.0, 1]
distortion: 
  [-0.07373703483071554, 0.214616041506009, -0.0005865348419799089, 0.0003807996999991798, 0.8730909735215638]
